image_segmentation_statlog,13,2,31,4,20,0.001,20,0.6,150,1,32,0.0,6,7,2,8.195211744308471,4,8,798336000,95,10,2310,19,7,11,0,12,0.14718615003736504
image_segmentation_statlog,17,14,21,4,10,0.1,20,0.8,15,1,5,0.9,6,7,5,5.962245845794678,4,8,798336000,95,10,2310,19,7,11,0,12,0.132900435700045
image_segmentation_statlog,20,30,39,4,100,0.2,60,0.7,15,2,45,0.9,6,7,1,11.965406227111817,4,8,798336000,95,10,2310,19,7,11,0,12,0.15627705998621977
image_segmentation_statlog,22,37,39,4,10,0.01,100,0.4,10,1,5,0.2,6,7,5,3.7722452163696287,4,8,798336000,95,10,2310,19,7,11,0,12,0.1372294375906775
image_segmentation_statlog,25,65,44,4,100,0.2,60,0.2,20,1,16,0.6,6,7,4,12.339356327056885,4,8,798336000,95,10,2310,19,7,11,0,12,0.13982684373275026
image_segmentation_statlog,26,2,50,4,50,0.01,60,0.6,50,3,24,0.2,6,7,3,8.030142164230346,4,8,798336000,95,10,2310,19,7,11,0,12,0.1372294411643759
image_segmentation_statlog,29,2,3,4,50,0.1,80,0.5,30,1,16,0.6,6,7,3,7.045902395248413,4,8,798336000,95,10,2310,19,7,11,0,12,0.15151515227633638
image_segmentation_statlog,33,65,21,4,100,0.01,40,0.7,15,2,16,0.6,6,7,4,17.917665243148804,4,8,798336000,95,10,2310,19,7,11,0,12,0.14069264258915212
image_segmentation_statlog,35,14,21,4,100,0.01,60,0.8,1,1,32,0.4,6,7,3,13.191473722457886,4,8,798336000,95,10,2310,19,7,11,0,12,0.15454545764179972
image_segmentation_statlog,36,37,19,4,20,0.2,80,0.2,10,2,48,0.9,6,7,4,5.04841160774231,4,8,798336000,95,10,2310,19,7,11,0,12,0.14285714320548168
image_segmentation_statlog,38,18,54,4,50,0.3,20,0.0,30,2,48,0.9,6,7,2,18.36237645149231,4,8,798336000,95,10,2310,19,7,11,0,12,0.14112554426704135
image_segmentation_statlog,40,37,50,4,100,0.1,80,0.7,10,1,34,0.9,6,7,2,11.576371049880981,4,8,798336000,95,10,2310,19,7,11,0,12,0.14199134230097651
image_segmentation_statlog,41,18,3,4,20,0.001,100,0.1,200,1,32,0.6,6,7,2,4.918850517272949,4,8,798336000,95,10,2310,19,7,11,0,12,0.16103896053580494
image_segmentation_statlog,42,37,50,4,10,0.2,100,0.7,50,1,5,0.8,6,7,4,4.657058763504028,4,8,798336000,95,10,2310,19,7,11,0,12,0.11991341954250356
image_segmentation_statlog,43,30,54,4,50,0.01,20,0.7,150,3,45,0.2,6,7,4,19.434658432006835,4,8,798336000,95,10,2310,19,7,11,0,12,0.13593073874324949
image_segmentation_statlog,46,30,28,4,50,0.3,80,0.9,1,3,48,0.8,6,7,5,7.936760377883911,4,8,798336000,95,10,2310,19,7,11,0,12,0.1138528140398847
image_segmentation_statlog,49,37,3,4,100,0.3,40,0.4,15,3,32,0.6,6,7,1,20.787132024765015,4,8,798336000,95,10,2310,19,7,11,0,12,0.14112554157064075
image_segmentation_statlog,51,37,3,4,20,0.3,40,0.9,150,1,32,0.8,6,7,4,7.200373840332031,4,8,798336000,95,10,2310,19,7,11,0,12,0.1411255425317979
image_segmentation_statlog,53,27,19,4,100,0.001,100,0.0,100,2,16,0.8,6,7,3,11.505071544647217,4,8,798336000,95,10,2310,19,7,11,0,12,0.14285714333449606
image_segmentation_statlog,1,2,39,4,10,0.001,60,0.8,10,1,24,0.2,6,7,1,32.6080397605896,28,8,798336000,91,10,2310,19,7,11,0,12,0.14112554453797155
image_segmentation_statlog,13,30,39,4,20,0.1,80,0.5,15,3,34,0.2,6,7,4,35.55125179290771,28,8,798336000,91,10,2310,19,7,11,0,12,0.14285714320548168
image_segmentation_statlog,17,30,54,4,20,0.001,100,0.0,10,3,34,0.4,6,7,3,38.385357761383055,28,8,798336000,91,10,2310,19,7,11,0,12,0.13116883053020997
image_segmentation_statlog,20,27,19,4,20,0.01,100,0.8,50,3,48,0.4,6,7,4,33.947228574752806,28,8,798336000,91,10,2310,19,7,11,0,12,0.13766233699146288
image_segmentation_statlog,22,52,50,4,10,0.001,20,0.1,10,3,45,0.8,6,7,3,43.18643684387207,28,8,798336000,91,10,2310,19,7,11,0,12,0.14199134481030626
image_segmentation_statlog,25,2,31,4,100,0.01,80,0.0,5,3,34,0.8,6,7,2,68.32893204689026,28,8,798336000,91,10,2310,19,7,11,0,12,0.17489177376934975
image_segmentation_statlog,26,2,54,4,10,0.1,40,0.5,100,3,16,0.8,6,7,5,40.34409728050232,28,8,798336000,91,10,2310,19,7,11,0,12,0.1415584426873174
image_segmentation_statlog,29,14,19,4,10,0.001,20,0.5,15,3,5,0.0,6,7,1,43.89899392127991,28,8,798336000,91,10,2310,19,7,11,0,12,0.13593073849812215
image_segmentation_statlog,33,65,21,4,10,0.001,60,0.2,200,1,34,0.2,6,7,3,33.42074813842773,28,8,798336000,91,10,2310,19,7,11,0,12,0.1406926439954089
image_segmentation_statlog,35,30,50,4,50,0.01,80,0.7,30,2,48,0.0,6,7,2,49.161416339874265,28,8,798336000,91,10,2310,19,7,11,0,12,0.13116883065277363
image_segmentation_statlog,36,52,19,4,20,0.001,100,0.2,20,2,5,0.6,6,7,4,34.6875394821167,28,8,798336000,91,10,2310,19,7,11,0,12,0.14329004252885844
image_segmentation_statlog,38,27,19,4,20,0.001,60,0.8,200,1,24,0.9,6,7,2,39.038648748397826,28,8,798336000,91,10,2310,19,7,11,0,12,0.14805195153049835
image_segmentation_statlog,40,52,54,4,50,0.2,100,0.4,200,3,34,0.0,6,7,5,44.67530555725098,28,8,798336000,91,10,2310,19,7,11,0,12,0.14285714275393135
image_segmentation_statlog,41,52,15,4,100,0.2,60,0.7,100,3,32,0.4,6,7,3,83.29077110290527,28,8,798336000,91,10,2310,19,7,11,0,12,0.13939394252253817
image_segmentation_statlog,42,27,23,4,10,0.2,10,0.2,10,3,24,0.6,6,7,1,60.628271627426145,28,8,798336000,91,10,2310,19,7,11,0,12,0.1307359332517112
image_segmentation_statlog,43,30,47,4,100,0.01,10,0.7,50,3,48,0.9,6,7,4,358.50223660469055,28,8,798336000,91,10,2310,19,7,11,0,12,0.15108225431406136
image_segmentation_statlog,46,52,21,4,100,0.01,20,0.8,30,2,32,0.0,6,7,3,191.82571229934692,28,8,798336000,91,10,2310,19,7,11,0,12,0.1393939421225936
image_segmentation_statlog,49,65,50,4,100,0.3,60,0.3,25,3,48,0.2,6,7,5,83.2223027229309,28,8,798336000,91,10,2310,19,7,11,0,12,0.15800866173072295
image_segmentation_statlog,51,14,21,4,100,0.3,20,0.0,200,2,24,0.9,6,7,2,192.93996362686158,28,8,798336000,91,10,2310,19,7,11,0,12,0.13852814146321574
image_segmentation_statlog,53,52,39,4,10,0.3,20,0.0,50,2,32,0.6,6,7,5,44.67307624816895,28,8,798336000,91,10,2310,19,7,11,0,12,0.17532467782755434
image_segmentation_statlog,1,30,28,4,100,0.2,60,0.4,150,3,5,0.6,6,7,1,7.182389831542968,28,8,798336000,9,10,2310,19,7,11,0,12,0.36450216441185446
image_segmentation_statlog,13,27,19,4,50,0.1,100,0.5,150,1,45,0.9,6,7,2,3.0421878814697267,28,8,798336000,9,10,2310,19,7,11,0,12,0.2194805192869979
image_segmentation_statlog,17,2,3,4,100,0.1,20,0.1,15,1,24,0.9,6,7,4,20.715811347961427,28,8,798336000,9,10,2310,19,7,11,0,12,0.1727272749398694
image_segmentation_statlog,20,14,15,4,50,0.001,80,0.9,100,3,24,0.8,6,7,5,4.871009111404419,28,8,798336000,9,10,2310,19,7,11,0,12,0.18095237977835008
image_segmentation_statlog,22,65,50,4,50,0.001,60,0.1,25,3,32,0.4,6,7,1,5.06417441368103,28,8,798336000,9,10,2310,19,7,11,0,12,0.2874458893746525
image_segmentation_statlog,25,37,3,4,20,0.2,10,0.6,15,2,45,0.2,6,7,1,9.00586667060852,28,8,798336000,9,10,2310,19,7,11,0,12,0.13030303308974098
image_segmentation_statlog,26,27,31,4,20,0.001,80,0.1,15,1,16,0.9,6,7,5,3.416762113571167,28,8,798336000,9,10,2310,19,7,11,0,12,0.14285714320548168
image_segmentation_statlog,29,52,15,4,20,0.3,60,0.4,100,2,24,0.4,6,7,1,3.0366655349731446,28,8,798336000,9,10,2310,19,7,11,0,12,0.14112554453797155
image_segmentation_statlog,33,18,39,4,100,0.3,40,0.5,1,1,48,0.6,6,7,5,10.686256647109985,28,8,798336000,9,10,2310,19,7,11,0,12,0.1411255422673184
image_segmentation_statlog,35,52,50,4,100,0.3,20,0.7,1,1,48,0.0,6,7,1,19.820627546310426,28,8,798336000,9,10,2310,19,7,11,0,12,0.1476190504444626
image_segmentation_statlog,36,52,23,4,20,0.1,100,0.5,150,1,34,0.8,6,7,1,2.4792667388916017,28,8,798336000,9,10,2310,19,7,11,0,12,0.1372294375906775
image_segmentation_statlog,38,30,47,4,100,0.2,60,0.3,100,2,48,0.0,6,7,2,7.977411985397339,28,8,798336000,9,10,2310,19,7,11,0,12,0.15064935395856957
image_segmentation_statlog,40,30,50,4,10,0.01,20,0.6,30,3,5,0.0,6,7,4,4.381019496917725,28,8,798336000,9,10,2310,19,7,11,0,12,0.12077922333370555
image_segmentation_statlog,41,65,39,4,10,0.2,10,0.5,25,2,5,0.9,6,7,1,5.688996982574463,28,8,798336000,9,10,2310,19,7,11,0,12,0.14155844455157524
image_segmentation_statlog,42,18,3,4,50,0.001,20,0.9,5,3,5,0.9,6,7,1,10.829601860046386,28,8,798336000,9,10,2310,19,7,11,0,12,0.14069264331163267
image_segmentation_statlog,43,52,15,4,50,0.01,60,0.8,30,3,32,0.8,6,7,3,4.770625114440918,28,8,798336000,9,10,2310,19,7,11,0,12,0.14545454904920868
image_segmentation_statlog,46,2,23,4,50,0.01,20,0.5,150,3,34,0.6,6,7,4,10.856805896759033,28,8,798336000,9,10,2310,19,7,11,0,12,0.12987013233430458
image_segmentation_statlog,49,14,23,4,20,0.2,40,0.1,5,3,48,0.2,6,7,5,4.381278944015503,28,8,798336000,9,10,2310,19,7,11,0,12,0.1428571440118216
image_segmentation_statlog,51,27,3,4,10,0.2,10,0.6,25,2,32,0.0,6,7,2,5.32304368019104,28,8,798336000,9,10,2310,19,7,11,0,12,0.14285714557934634
image_segmentation_statlog,53,37,39,4,50,0.3,60,0.5,5,2,5,0.2,6,7,5,4.52273120880127,28,8,798336000,9,10,2310,19,7,11,0,12,0.14718615072114127
image_segmentation_statlog,55,14,15,4,50,0.001,40,0.2,25,2,34,0.8,6,7,2,6.275537109375,28,8,798336000,9,10,2310,19,7,11,0,12,0.14545454656406914
image_segmentation_statlog,56,52,44,4,50,0.001,10,0.4,5,1,24,0.2,6,7,3,18.37358784675598,28,8,798336000,9,10,2310,19,7,11,0,12,0.13982684250388827
image_segmentation_statlog,57,2,23,4,20,0.3,20,0.0,150,2,5,0.8,6,7,4,5.3045882225036625,28,8,798336000,9,10,2310,19,7,11,0,12,0.14112554375098382
image_segmentation_statlog,58,2,31,4,20,0.001,20,0.7,100,3,34,0.2,6,7,1,5.335454082489013,28,8,798336000,9,10,2310,19,7,11,0,12,0.15108225370769376
image_segmentation_statlog,59,52,50,4,10,0.01,60,0.7,15,3,48,0.6,6,7,4,2.2238372325897218,28,8,798336000,9,10,2310,19,7,11,0,12,0.13852814209538622
image_segmentation_statlog,60,37,19,4,50,0.1,40,0.9,5,3,32,0.0,6,7,3,6.292946863174438,28,8,798336000,9,10,2310,19,7,11,0,12,0.1428571440118216
image_segmentation_statlog,61,52,15,4,10,0.2,100,0.3,15,2,16,0.2,6,7,1,2.3842748165130616,28,8,798336000,9,10,2310,19,7,11,0,12,0.1385281390958018
image_segmentation_statlog,62,30,3,4,20,0.2,60,0.8,10,2,5,0.8,6,7,2,3.129440498352051,28,8,798336000,9,10,2310,19,7,11,0,12,0.14155844523535147
image_segmentation_statlog,63,14,19,4,10,0.001,60,0.2,15,2,32,0.6,6,7,1,2.3351132392883303,28,8,798336000,9,10,2310,19,7,11,0,12,0.13939394280314446
image_segmentation_statlog,64,18,19,4,100,0.001,100,0.3,1,1,32,0.4,6,7,5,5.244866132736206,28,8,798336000,9,10,2310,19,7,11,0,12,0.14285714333449606
image_segmentation_statlog,66,30,28,4,20,0.2,20,0.5,150,3,45,0.4,6,7,5,5.462007808685303,28,8,798336000,9,10,2310,19,7,11,0,12,0.136796539363923
image_segmentation_statlog,67,14,39,4,20,0.1,80,0.9,10,1,5,0.8,6,7,2,2.3911551952362062,28,8,798336000,9,10,2310,19,7,11,0,12,0.13722943675208402
image_segmentation_statlog,68,37,15,4,100,0.2,40,0.0,100,2,48,0.2,6,7,3,11.202701187133789,28,8,798336000,9,10,2310,19,7,11,0,12,0.13419913523124927
image_segmentation_statlog,69,18,54,4,20,0.2,10,0.5,25,3,45,0.9,6,7,1,9.216062307357788,28,8,798336000,9,10,2310,19,7,11,0,12,0.14372294662576734
image_segmentation_statlog,70,14,44,4,20,0.01,40,0.5,100,1,34,0.2,6,7,1,4.010369348526001,28,8,798336000,9,10,2310,19,7,11,0,12,0.1428571440118216
image_segmentation_statlog,71,37,31,4,100,0.001,80,0.6,5,3,45,0.4,6,7,4,6.791277122497559,28,8,798336000,9,10,2310,19,7,11,0,12,0.1480519481422581
image_segmentation_statlog,72,27,39,4,20,0.3,100,0.5,50,2,32,0.0,6,7,2,2.71129994392395,28,8,798336000,9,10,2310,19,7,11,0,12,0.13593073600814456
image_segmentation_statlog,73,2,15,4,50,0.01,10,0.1,150,1,16,0.0,6,7,3,20.0145094871521,28,8,798336000,9,10,2310,19,7,11,0,12,0.1341991368568305
image_segmentation_statlog,74,14,39,4,100,0.001,80,0.6,150,2,5,0.0,6,7,3,6.6994527816772464,28,8,798336000,9,10,2310,19,7,11,0,12,0.17965367935694657
image_segmentation_statlog,75,52,31,4,10,0.001,20,0.1,200,2,32,0.2,6,7,2,3.826473426818848,28,8,798336000,9,10,2310,19,7,11,0,12,0.13722944010000723
image_segmentation_statlog,76,30,31,4,20,0.1,40,0.9,50,2,48,0.6,6,7,1,3.5946529388427733,28,8,798336000,9,10,2310,19,7,11,0,12,0.13376623386944528
image_segmentation_statlog,77,52,19,4,100,0.2,80,0.4,25,2,45,0.6,6,7,4,6.87715973854065,28,8,798336000,9,10,2310,19,7,11,0,12,0.1471861472635558
image_segmentation_statlog,78,30,21,4,20,0.1,40,0.7,5,3,16,0.0,6,7,2,3.9191479206085207,28,8,798336000,9,10,2310,19,7,11,0,12,0.1380952384371262
image_segmentation_statlog,79,52,19,4,50,0.001,60,0.0,150,1,24,0.4,6,7,1,4.969473171234131,28,8,798336000,9,10,2310,19,7,11,0,12,0.14285714626312257
image_segmentation_statlog,80,2,21,4,100,0.3,10,0.7,20,1,16,0.2,6,7,1,27.39600796699524,28,8,798336000,9,10,2310,19,7,11,0,12,0.14805195114829323
image_segmentation_statlog,81,14,44,4,50,0.3,80,0.8,10,3,32,0.2,6,7,1,4.586172723770142,28,8,798336000,9,10,2310,19,7,11,0,12,0.14285714320548168
image_segmentation_statlog,82,52,54,4,10,0.01,60,0.9,100,3,16,0.6,6,7,4,1.9839159965515136,28,8,798336000,9,10,2310,19,7,11,0,12,0.14675325054626961
image_segmentation_statlog,83,65,39,4,50,0.001,80,0.8,50,2,34,0.2,6,7,4,3.867097330093384,28,8,798336000,9,10,2310,19,7,11,0,12,0.14588744623578473
image_segmentation_statlog,84,52,19,4,100,0.1,80,0.8,50,3,5,0.9,6,7,4,6.613425922393799,28,8,798336000,9,10,2310,19,7,11,0,12,0.14112554146097853
image_segmentation_statlog,85,65,44,4,50,0.01,40,0.2,1,2,24,0.4,6,7,4,6.428414011001587,28,8,798336000,9,10,2310,19,7,11,0,12,0.13722943904854001
