localisation,13,14,47,4,100,0.01,100,0.7,150,2,16,0.2,6,7,3,289.8217367649078,28,8,798336000,9,10,164860,38,11,89,820561,12,0.193879655396007
localisation,17,30,31,4,20,0.01,60,0.5,50,2,16,0.4,6,7,4,95.77603235244752,28,8,798336000,9,10,164860,38,11,89,820561,12,0.04321848842254704
localisation,20,30,3,4,100,0.1,80,0.1,25,2,5,0.4,6,7,4,378.856279706955,28,8,798336000,9,10,164860,38,11,89,820561,12,0.21739051308088347
localisation,22,37,23,4,50,0.01,60,0.1,1,1,5,0.4,6,7,3,248.3352324962616,28,8,798336000,9,10,164860,38,11,89,820561,12,0.09938735900202503
localisation,25,52,39,4,100,0.001,10,0.2,25,1,45,0.2,6,7,1,2668.9200520038603,28,8,798336000,9,10,164860,38,11,89,820561,12,0.012125439776023383
localisation,26,2,44,4,100,0.01,60,0.5,200,1,16,0.4,6,7,2,483.40258207321165,28,8,798336000,9,10,164860,38,11,89,820561,12,0.1386024505868021
localisation,29,18,54,4,50,0.01,10,0.0,1,1,45,0.8,6,7,3,1333.9514346122742,28,8,798336000,9,10,164860,38,11,89,820561,12,0.15861943469769338
localisation,33,2,39,4,100,0.3,100,0.6,25,2,32,0.0,6,7,2,294.960725069046,28,8,798336000,9,10,164860,38,11,89,820561,12,0.2502668930357949
localisation,35,37,54,4,10,0.2,20,0.9,10,3,34,0.4,6,7,3,142.83115005493164,28,8,798336000,9,10,164860,38,11,89,820561,12,0.1380504671080655
localisation,36,14,19,4,100,0.2,80,0.3,25,2,34,0.4,6,7,4,362.658505487442,28,8,798336000,9,10,164860,38,11,89,820561,12,0.2101116097570514
localisation,38,65,31,4,50,0.001,10,0.7,150,2,34,0.0,6,7,1,1316.8381797790528,28,8,798336000,9,10,164860,38,11,89,820561,12,0.04930850419296189
localisation,40,27,54,4,100,0.001,40,0.4,15,2,5,0.2,6,7,4,699.7431699752808,28,8,798336000,9,10,164860,38,11,89,820561,12,0.1515588983855432
localisation,41,2,47,4,50,0.01,100,0.7,200,2,32,0.9,6,7,5,154.17091875076295,28,8,798336000,9,10,164860,38,11,89,820561,12,0.10815843754013801
localisation,42,37,15,4,100,0.01,60,0.9,100,1,34,0.4,6,7,5,484.6111594676971,28,8,798336000,9,10,164860,38,11,89,820561,12,0.10223826280207862
localisation,43,52,44,4,100,0.01,60,0.9,30,2,5,0.9,6,7,2,479.9539842605591,28,8,798336000,9,10,164860,38,11,89,820561,12,0.11497027778991917
localisation,46,27,15,4,100,0.3,20,0.3,200,1,16,0.9,6,7,3,1354.753976249695,28,8,798336000,9,10,164860,38,11,89,820561,12,0.18700715763824058
localisation,49,18,15,4,100,0.2,60,0.9,50,3,32,0.2,6,7,5,475.86041674613955,28,8,798336000,9,10,164860,38,11,89,820561,12,0.09469246632770566
localisation,51,2,15,4,100,0.2,80,0.8,200,2,48,0.9,6,7,1,361.24193954467773,28,8,798336000,9,10,164860,38,11,89,820561,12,0.14624529900663139
localisation,53,18,39,4,50,0.1,40,0.6,10,1,5,0.0,6,7,3,355.9594606399536,28,8,798336000,9,10,164860,38,11,89,820561,12,0.1816692950516075
localisation,55,14,23,4,50,0.3,100,0.9,20,1,48,0.9,6,7,5,147.6113184928894,28,8,798336000,9,10,164860,38,11,89,820561,12,0.08974887790705458
localisation,56,37,54,4,20,0.01,20,0.5,100,2,5,0.9,6,7,2,271.77103066444397,28,8,798336000,9,10,164860,38,11,89,820561,12,0.03494480166353315
localisation,57,18,23,4,100,0.3,10,0.2,25,1,48,0.6,6,7,4,2708.483845090866,28,8,798336000,9,10,164860,38,11,89,820561,12,0.09501395124391157
localisation,58,14,50,4,20,0.001,40,0.7,20,2,32,0.8,6,7,1,141.62125401496888,28,8,798336000,9,10,164860,38,11,89,820561,12,0.14013708597359822
localisation,59,37,47,4,50,0.001,60,0.5,10,2,48,0.8,6,7,1,234.20796537399292,28,8,798336000,9,10,164860,38,11,89,820561,12,0.2516559506765029
localisation,60,14,19,4,50,0.3,100,0.9,30,2,32,0.2,6,7,4,147.47333011627197,28,8,798336000,9,10,164860,38,11,89,820561,12,0.10185005462689009
localisation,61,27,28,4,20,0.001,60,0.1,20,3,32,0.0,6,7,1,94.89688520431518,28,8,798336000,9,10,164860,38,11,89,820561,12,0.11197986162775937
localisation,62,52,44,4,20,0.001,80,0.5,25,1,48,0.6,6,7,2,74.60742039680481,28,8,798336000,9,10,164860,38,11,89,820561,12,0.24306684471092857
localisation,63,65,31,4,20,0.2,80,0.4,10,2,32,0.9,6,7,2,70.70074834823609,28,8,798336000,9,10,164860,38,11,89,820561,12,0.05331190102562502
localisation,64,52,15,4,50,0.001,40,0.1,5,3,45,0.8,6,7,4,360.56029949188235,28,8,798336000,9,10,164860,38,11,89,820561,12,0.16137328648124666
localisation,66,65,3,4,10,0.2,80,0.0,10,2,34,0.8,6,7,3,38.28878593444824,28,8,798336000,9,10,164860,38,11,89,820561,12,0.12133931826127178
localisation,67,2,54,4,10,0.001,10,0.8,25,3,45,0.6,6,7,4,277.3006209373474,28,8,798336000,9,10,164860,38,11,89,820561,12,0.12732015045471132
localisation,68,2,21,4,10,0.2,10,0.9,20,2,5,0.2,6,7,2,267.6455747127533,28,8,798336000,9,10,164860,38,11,89,820561,12,0.08351934978013752
localisation,69,18,21,4,50,0.3,60,0.2,20,1,34,0.8,6,7,4,239.58265852928162,28,8,798336000,9,10,164860,38,11,89,820561,12,0.16672328036175899
localisation,70,30,19,4,10,0.3,20,0.3,20,2,16,0.2,6,7,5,134.6121841430664,28,8,798336000,9,10,164860,38,11,89,820561,12,0.15570787337446956
localisation,71,37,39,4,100,0.001,10,0.3,50,1,45,0.8,6,7,5,2309.7065760612486,28,8,798336000,9,10,164860,38,11,89,820561,12,0.02300740022360953
localisation,72,14,47,4,10,0.3,80,0.3,15,2,24,0.6,6,7,3,37.9357406616211,28,8,798336000,9,10,164860,38,11,89,820561,12,0.0909498969250464
localisation,73,27,15,4,20,0.01,40,0.4,15,3,32,0.9,6,7,2,147.45304989814758,28,8,798336000,9,10,164860,38,11,89,820561,12,0.02441465484646575
localisation,74,18,31,4,50,0.2,100,0.6,150,2,32,0.8,6,7,5,146.07722182273864,28,8,798336000,9,10,164860,38,11,89,820561,12,0.050084920438264346
localisation,75,14,47,4,50,0.3,60,0.7,150,3,16,0.6,6,7,3,235.30442519187926,28,8,798336000,9,10,164860,38,11,89,820561,12,0.10136479445404688
localisation,76,2,31,4,100,0.2,60,0.7,15,1,45,0.0,6,7,1,484.170432806015,28,8,798336000,9,10,164860,38,11,89,820561,12,0.12368676452196427
localisation,77,14,44,4,20,0.1,10,0.8,50,1,34,0.4,6,7,2,574.1964764118195,28,8,798336000,9,10,164860,38,11,89,820561,12,0.03812932185887437
localisation,78,37,28,4,50,0.001,80,0.6,1,1,45,0.4,6,7,4,182.202623796463,28,8,798336000,9,10,164860,38,11,89,820561,12,0.2352056291599261
localisation,79,18,31,4,100,0.001,100,0.5,20,3,48,0.6,6,7,3,294.46161279678347,28,8,798336000,9,10,164860,38,11,89,820561,12,0.1262889724707923
localisation,80,2,31,4,100,0.2,20,0.4,30,2,5,0.9,6,7,4,1320.7133802890778,28,8,798336000,9,10,164860,38,11,89,820561,12,0.06216183429927151
localisation,81,30,28,4,50,0.2,100,0.0,150,2,32,0.8,6,7,4,148.69734134674073,28,8,798336000,9,10,164860,38,11,89,820561,12,0.05160135877738188
localisation,82,65,50,4,20,0.3,10,0.1,5,2,24,0.9,6,7,4,558.8643455028534,28,8,798336000,9,10,164860,38,11,89,820561,12,0.04739172632118951
localisation,83,30,50,4,50,0.3,40,0.4,30,1,5,0.9,6,7,4,365.63468956947327,28,8,798336000,9,10,164860,38,11,89,820561,12,0.16719640903613253
localisation,84,30,3,4,20,0.1,10,0.3,30,1,24,0.8,6,7,1,557.0106990337372,28,8,798336000,9,10,164860,38,11,89,820561,12,0.08395608395806262
localisation,85,2,19,4,10,0.1,40,0.7,5,1,32,0.9,6,7,2,73.17955508232117,28,8,798336000,9,10,164860,38,11,89,820561,12,0.1776537668106807
