occupancy_train,13,30,23,4,100,0.001,60,0.5,100,1,48,0.9,6,7,3,104.2142816543579,28,8,798336000,91,10,8143,7,2,89,23292,12,0.7876703915672646
occupancy_train,17,14,44,4,20,0.2,40,0.2,1,3,48,0.0,6,7,5,42.31317172050476,28,8,798336000,91,10,8143,7,2,89,23292,12,0.7876703915443904
occupancy_train,20,52,19,4,10,0.2,60,0.9,25,2,45,0.8,6,7,3,24.600145292282104,28,8,798336000,91,10,8143,7,2,89,23292,12,0.7876703915672646
occupancy_train,22,52,28,4,20,0.001,60,0.0,10,2,48,0.6,6,7,4,33.5089093208313,28,8,798336000,91,10,8143,7,2,89,23292,12,0.7876703915672646
occupancy_train,25,27,39,4,10,0.1,80,0.7,5,3,45,0.0,6,7,2,22.499100828170775,28,8,798336000,91,10,8143,7,2,89,23292,12,0.7239346673077833
occupancy_train,26,37,23,4,100,0.01,20,0.2,5,3,32,0.0,6,7,2,288.3409984588623,28,8,798336000,91,10,8143,7,2,89,23292,12,0.7876703917456833
occupancy_train,29,27,19,4,100,0.1,80,0.7,100,2,5,0.0,6,7,1,84.17361512184144,28,8,798336000,91,10,8143,7,2,89,23292,12,0.787670391132655
occupancy_train,33,18,28,4,10,0.1,80,0.3,200,3,24,0.4,6,7,2,22.58953003883362,28,8,798336000,91,10,8143,7,2,89,23292,12,0.787670391132655
occupancy_train,35,52,44,4,50,0.001,80,0.0,50,2,34,0.9,6,7,1,50.897514724731444,28,8,798336000,91,10,8143,7,2,89,23292,12,0.7875475863866983
occupancy_train,36,2,44,4,100,0.001,100,0.5,15,3,16,0.6,6,7,4,72.2274709701538,28,8,798336000,91,10,8143,7,2,89,23292,12,0.7876703917502581
occupancy_train,38,65,31,4,10,0.3,80,0.9,15,2,34,0.2,6,7,5,22.798964166641234,28,8,798336000,91,10,8143,7,2,89,23292,12,0.787670391132655
occupancy_train,40,30,50,4,50,0.3,10,0.3,200,2,45,0.4,6,7,1,284.89734835624694,28,8,798336000,91,10,8143,7,2,89,23292,12,0.5877440747824726
occupancy_train,41,30,3,4,100,0.3,20,0.6,20,3,32,0.8,6,7,3,286.9061904907227,28,8,798336000,91,10,8143,7,2,89,23292,12,0.3876949527182978
occupancy_train,42,65,44,4,50,0.001,10,0.6,25,2,5,0.4,6,7,1,286.42378053665163,28,8,798336000,91,10,8143,7,2,89,23292,12,0.7876703918646291
occupancy_train,43,18,44,4,20,0.2,40,0.6,10,2,16,0.9,6,7,4,43.62630381584167,28,8,798336000,91,10,8143,7,2,89,23292,12,0.7876703915443904
occupancy_train,46,30,47,4,20,0.2,60,0.1,50,2,5,0.2,6,7,5,39.93104758262634,28,8,798336000,91,10,8143,7,2,89,23292,12,0.7876703915672646
occupancy_train,49,65,28,4,100,0.3,100,0.1,150,1,24,0.9,6,7,3,71.73466844558716,28,8,798336000,91,10,8143,7,2,89,23292,12,0.7315485687167217
occupancy_train,51,14,47,4,100,0.001,60,0.1,30,2,24,0.4,6,7,1,108.20858159065247,28,8,798336000,91,10,8143,7,2,89,23292,12,0.7876703915672646
occupancy_train,53,30,47,4,50,0.001,100,0.8,200,3,45,0.2,6,7,3,44.41105284690857,28,8,798336000,91,10,8143,7,2,89,23292,12,0.7876703917502581
