wall_following_robot_sensors,13,27,39,4,20,0.001,20,0.4,30,2,5,0.8,6,7,1,122.66795415878296,4,8,798336000,95,10,5456,24,4,11,0,12,0.4615102639787795
wall_following_robot_sensors,17,37,19,4,100,0.2,100,0.2,15,2,24,0.2,6,7,5,124.58617100715637,4,8,798336000,95,10,5456,24,4,11,0,12,0.44923020565685684
wall_following_robot_sensors,20,65,19,4,100,0.3,20,0.3,5,1,48,0.6,6,7,1,441.601541185379,4,8,798336000,95,10,5456,24,4,11,0,12,0.4041422286352192
wall_following_robot_sensors,22,2,23,4,20,0.001,60,0.0,100,1,24,0.9,6,7,5,71.86542859077454,4,8,798336000,95,10,5456,24,4,11,0,12,0.5141129015106435
wall_following_robot_sensors,25,65,21,4,10,0.001,80,0.9,150,3,48,0.8,6,7,2,55.1341609954834,4,8,798336000,95,10,5456,24,4,11,0,12,0.45912756671435323
wall_following_robot_sensors,26,27,28,4,20,0.3,100,0.8,25,2,34,0.2,6,7,1,63.15645298957825,4,8,798336000,95,10,5456,24,4,11,0,12,0.44978005994968884
wall_following_robot_sensors,29,14,21,4,10,0.01,40,0.6,30,3,32,0.4,6,7,5,68.62000026702881,4,8,798336000,95,10,5456,24,4,11,0,12,0.4360337227287967
wall_following_robot_sensors,33,14,28,4,20,0.3,60,0.8,5,2,32,0.4,6,7,1,75.23598880767823,4,8,798336000,95,10,5456,24,4,11,0,12,0.46132698045262405
wall_following_robot_sensors,35,52,31,4,50,0.01,40,0.3,100,1,48,0.6,6,7,5,151.19584040641786,4,8,798336000,95,10,5456,24,4,11,0,12,0.4571114355190234
wall_following_robot_sensors,36,18,31,4,100,0.3,80,0.3,1,3,34,0.4,6,7,2,160.06915321350098,4,8,798336000,95,10,5456,24,4,11,0,12,0.5067815252038981
wall_following_robot_sensors,38,65,3,4,10,0.2,40,0.7,5,3,24,0.0,6,7,5,78.81222882270814,4,8,798336000,95,10,5456,24,4,11,0,12,0.39681084923817617
wall_following_robot_sensors,40,14,15,4,10,0.001,100,0.4,50,1,32,0.9,6,7,5,63.67548060417175,4,8,798336000,95,10,5456,24,4,11,0,12,0.3966275660602425
wall_following_robot_sensors,41,2,21,4,50,0.001,60,0.8,25,2,45,0.6,6,7,5,125.7108853816986,4,8,798336000,95,10,5456,24,4,11,0,12,0.45692815353869953
wall_following_robot_sensors,42,14,54,4,20,0.001,40,0.7,1,1,45,0.6,6,7,5,96.57468075752259,4,8,798336000,95,10,5456,24,4,11,0,12,0.6365469194473453
wall_following_robot_sensors,43,18,44,4,20,0.001,100,0.0,200,2,24,0.6,6,7,1,70.39888806343079,4,8,798336000,95,10,5456,24,4,11,0,12,0.41019061589176575
wall_following_robot_sensors,46,37,31,4,50,0.3,40,0.9,25,1,16,0.2,6,7,2,159.23150024414062,4,8,798336000,95,10,5456,24,4,11,0,12,0.4470307905216021
wall_following_robot_sensors,49,27,39,4,20,0.3,20,0.6,150,2,5,0.9,6,7,3,136.36387062072754,4,8,798336000,95,10,5456,24,4,11,0,12,0.3953445753945677
wall_following_robot_sensors,51,52,23,4,100,0.001,80,0.1,10,3,24,0.9,6,7,1,157.23567242622374,4,8,798336000,95,10,5456,24,4,11,0,12,0.4624266852133107
wall_following_robot_sensors,53,30,23,4,50,0.001,40,0.3,25,2,45,0.9,6,7,5,157.7782473564148,4,8,798336000,95,10,5456,24,4,11,0,12,0.40139296132240915
