Beijing_PM2.5,13,17,44,4,50,0.3,10,0.3,25,1,33,0.6,6,7,5,1747.4639945983886,4,8,798336000,9,10,43824,12,37,11,46641,12,0.9587440668316589
Beijing_PM2.5,16,32,47,4,50,0.2,100,0.7,10,3,5,0.4,6,7,2,187.50346145629882,4,8,798336000,9,10,43824,12,37,11,46641,12,0.9587440688479943
Beijing_PM2.5,20,43,37,4,100,0.01,100,0.0,30,1,33,0.8,6,7,5,364.0683258056641,4,8,798336000,9,10,43824,12,37,11,46641,12,0.9587440688479943
Beijing_PM2.5,23,40,37,4,50,0.3,40,0.7,25,3,22,0.8,6,7,1,453.0123101711273,4,8,798336000,9,10,43824,12,37,11,46641,12,0.9587440675831094
Beijing_PM2.5,24,59,55,4,50,0.001,20,0.3,200,1,52,0.2,6,7,3,901.5400999546051,4,8,798336000,9,10,43824,12,37,11,46641,12,0.9587440665902427
Beijing_PM2.5,27,17,37,4,10,0.2,60,0.4,30,3,52,0.4,6,7,1,71.26454138755798,4,8,798336000,9,10,43824,12,37,11,46641,12,0.95874406669905
Beijing_PM2.5,31,17,47,4,50,0.001,100,0.6,200,1,33,0.4,6,7,1,192.23459725379945,4,8,798336000,9,10,43824,12,37,11,46641,12,0.9587440688479943
Beijing_PM2.5,34,28,35,4,100,0.01,20,0.3,5,3,5,0.8,6,7,1,1818.6271141529082,4,8,798336000,9,10,43824,12,37,11,46641,12,0.7677528290856697
Beijing_PM2.5,36,28,29,4,100,0.01,40,0.0,20,3,19,0.6,6,7,3,922.1667562961578,4,8,798336000,9,10,43824,12,37,11,46641,12,0.9587440675831094
Beijing_PM2.5,38,25,37,4,50,0.1,80,0.2,1,2,33,0.6,6,7,5,240.46436796188354,4,8,798336000,9,10,43824,12,37,11,46641,12,0.9587440674607012
Beijing_PM2.5,39,59,3,4,10,0.01,80,0.8,25,2,5,0.2,6,7,2,57.581503009796144,4,8,798336000,9,10,43824,12,37,11,46641,12,0.9587440674607012
Beijing_PM2.5,41,25,29,4,10,0.2,100,0.8,150,1,15,0.9,6,7,3,48.67892723083496,4,8,798336000,9,10,43824,12,37,11,46641,12,0.9587440688479943
Beijing_PM2.5,42,25,55,4,20,0.2,40,0.4,25,2,22,0.9,6,7,3,196.15922503471376,4,8,798336000,9,10,43824,12,37,11,46641,12,0.9587440675831094
Beijing_PM2.5,45,40,35,4,10,0.3,60,0.3,1,1,5,0.9,6,7,4,73.84211373329163,4,8,798336000,9,10,43824,12,37,11,46641,12,0.95874406669905
Beijing_PM2.5,46,59,26,4,100,0.3,100,0.6,30,2,19,0.6,6,7,2,386.00770659446715,4,8,798336000,9,10,43824,12,37,11,46641,12,0.9587440688479943
Beijing_PM2.5,48,59,18,4,20,0.3,20,0.1,30,3,33,0.9,6,7,3,386.90687437057494,4,8,798336000,9,10,43824,12,37,11,46641,12,0.7676159178460028
Beijing_PM2.5,49,28,14,4,20,0.01,80,0.7,100,1,30,0.0,6,7,2,106.1716733932495,4,8,798336000,9,10,43824,12,37,11,46641,12,0.9587440674607012
Beijing_PM2.5,50,32,58,4,100,0.01,80,0.6,30,2,22,0.0,6,7,1,486.91247215270994,4,8,798336000,9,10,43824,12,37,11,46641,12,0.9587440674607012
Beijing_PM2.5,51,43,26,4,20,0.2,80,0.3,150,2,22,0.2,6,7,2,107.87670059204102,4,8,798336000,9,10,43824,12,37,11,46641,12,0.9587440674607012
Beijing_PM2.5,1,43,58,4,50,0.01,80,0.5,50,3,15,0.4,6,7,4,45.91383032798767,28,8,798336000,57,10,43824,12,37,11,46641,12,0.9587440674607012
Beijing_PM2.5,13,43,29,4,100,0.2,100,0.3,150,1,5,0.0,6,7,5,74.00166363716126,28,8,798336000,57,10,43824,12,37,11,46641,12,0.9587440688479943
Beijing_PM2.5,16,32,37,4,10,0.3,20,0.3,100,2,30,0.6,6,7,3,33.84227418899536,28,8,798336000,57,10,43824,12,37,11,46641,12,0.9587440665902427
Beijing_PM2.5,20,32,37,4,100,0.2,40,0.4,100,1,52,0.9,6,7,1,168.72923288345336,28,8,798336000,57,10,43824,12,37,11,46641,12,0.9587440675831094
Beijing_PM2.5,23,2,29,4,20,0.2,80,0.3,15,3,33,0.4,6,7,5,18.73059844970703,28,8,798336000,57,10,43824,12,37,11,46641,12,0.9587440674607012
Beijing_PM2.5,24,2,47,4,50,0.001,80,0.0,25,3,5,0.0,6,7,1,45.2433943271637,28,8,798336000,57,10,43824,12,37,11,46641,12,0.9587440674607012
Beijing_PM2.5,27,43,58,4,50,0.01,60,0.1,20,1,15,0.9,6,7,5,59.41150903701782,28,8,798336000,57,10,43824,12,37,11,46641,12,0.95874406669905
Beijing_PM2.5,31,28,44,4,100,0.2,10,0.7,15,2,33,0.0,6,7,1,641.5945820331574,28,8,798336000,57,10,43824,12,37,11,46641,12,0.9587440668316589
Beijing_PM2.5,34,59,26,4,100,0.01,60,0.7,30,2,5,0.2,6,7,3,116.07272253036498,28,8,798336000,57,10,43824,12,37,11,46641,12,0.95874406669905
Beijing_PM2.5,36,17,3,4,10,0.2,60,0.7,30,1,33,0.0,6,7,2,12.591819429397583,28,8,798336000,57,10,43824,12,37,11,46641,12,0.95874406669905
Beijing_PM2.5,38,2,29,4,20,0.01,100,0.8,25,2,30,0.0,6,7,1,15.824302911758423,28,8,798336000,57,10,43824,12,37,11,46641,12,0.38508579806945253
Beijing_PM2.5,39,28,47,4,20,0.3,20,0.6,150,2,19,0.6,6,7,2,66.69524874687195,28,8,798336000,57,10,43824,12,37,11,46641,12,0.9587440665902427
Beijing_PM2.5,41,28,3,4,10,0.2,60,0.3,150,1,22,0.2,6,7,1,12.54692268371582,28,8,798336000,57,10,43824,12,37,11,46641,12,0.95874406669905
Beijing_PM2.5,42,25,29,4,10,0.1,40,0.5,150,2,15,0.0,6,7,1,17.90225396156311,28,8,798336000,57,10,43824,12,37,11,46641,12,0.765470975252394
Beijing_PM2.5,45,32,29,4,10,0.3,60,0.4,10,3,5,0.2,6,7,3,12.747366952896119,28,8,798336000,57,10,43824,12,37,11,46641,12,0.95874406669905
Beijing_PM2.5,46,59,55,4,100,0.01,100,0.4,5,1,19,0.9,6,7,3,74.45234041213989,28,8,798336000,57,10,43824,12,37,11,46641,12,0.9587440688479943
Beijing_PM2.5,48,43,35,4,20,0.3,20,0.1,1,1,33,0.8,6,7,1,67.008123254776,28,8,798336000,57,10,43824,12,37,11,46641,12,0.9587440665902427
Beijing_PM2.5,49,40,47,4,100,0.1,40,0.4,30,3,22,0.2,6,7,4,170.0569915294647,28,8,798336000,57,10,43824,12,37,11,46641,12,0.7656763419842156
Beijing_PM2.5,50,59,35,4,20,0.1,100,0.9,150,1,52,0.8,6,7,2,15.70019497871399,28,8,798336000,57,10,43824,12,37,11,46641,12,0.7675474636726266
Beijing_PM2.5,51,25,37,4,100,0.3,10,0.5,25,3,52,0.6,6,7,1,641.6898069858551,28,8,798336000,57,10,43824,12,37,11,46641,12,0.385473712870403
Beijing_PM2.5,60,17,58,4,100,0.01,20,0.6,30,1,15,0.6,6,7,5,328.92727103233335,28,8,798336000,57,10,43824,12,37,11,46641,12,0.9587440665902427
Beijing_PM2.5,61,40,14,4,50,0.2,20,0.0,100,1,19,0.4,6,7,5,167.80549058914184,28,8,798336000,57,10,43824,12,37,11,46641,12,0.9587440665902427
Beijing_PM2.5,62,59,55,4,50,0.3,60,0.9,5,1,15,0.2,6,7,4,59.359093856811526,28,8,798336000,57,10,43824,12,37,11,46641,12,0.7690078491982931
Beijing_PM2.5,63,40,18,4,100,0.001,60,0.4,10,2,5,0.0,6,7,2,117.88027582168579,28,8,798336000,57,10,43824,12,37,11,46641,12,0.95874406669905
Beijing_PM2.5,64,2,55,4,20,0.2,10,0.7,5,2,33,0.9,6,7,5,130.53917107582092,28,8,798336000,57,10,43824,12,37,11,46641,12,0.9587440668316589
Beijing_PM2.5,65,40,3,4,50,0.001,100,0.2,15,2,5,0.0,6,7,4,38.31110820770264,28,8,798336000,57,10,43824,12,37,11,46641,12,0.9587440688479943
Beijing_PM2.5,66,28,55,4,100,0.01,20,0.1,5,2,19,0.0,6,7,5,332.1933568477631,28,8,798336000,57,10,43824,12,37,11,46641,12,0.9587440665902427
Beijing_PM2.5,67,43,44,4,50,0.001,60,0.9,15,2,30,0.9,6,7,5,59.07382135391235,28,8,798336000,57,10,43824,12,37,11,46641,12,0.95874406669905
Beijing_PM2.5,68,32,47,4,10,0.3,10,0.7,30,2,22,0.9,6,7,3,66.89068002700806,28,8,798336000,57,10,43824,12,37,11,46641,12,0.9587440668316589
Beijing_PM2.5,69,25,14,4,50,0.3,80,0.2,5,2,22,0.9,6,7,1,46.338179206848146,28,8,798336000,57,10,43824,12,37,11,46641,12,0.9587440674607012
Beijing_PM2.5,70,43,29,4,20,0.3,80,0.1,20,2,15,0.8,6,7,4,18.519790601730346,28,8,798336000,57,10,43824,12,37,11,46641,12,0.9587440674607012
Beijing_PM2.5,71,2,14,4,100,0.1,100,0.6,200,2,22,0.6,6,7,5,74.39892854690552,28,8,798336000,57,10,43824,12,37,11,46641,12,0.9587440688479943
Beijing_PM2.5,72,2,44,4,20,0.1,20,0.1,150,1,19,0.6,6,7,1,66.76512122154236,28,8,798336000,57,10,43824,12,37,11,46641,12,0.9587440665902427
Beijing_PM2.5,73,40,18,4,10,0.01,20,0.1,100,3,5,0.2,6,7,4,34.91770448684692,28,8,798336000,57,10,43824,12,37,11,46641,12,0.9587440665902427
Beijing_PM2.5,74,17,14,4,50,0.01,100,0.0,200,1,19,0.2,6,7,3,38.41361560821533,28,8,798336000,57,10,43824,12,37,11,46641,12,0.9587440688479943
Beijing_PM2.5,75,25,44,4,10,0.2,40,0.0,50,1,52,0.8,6,7,5,18.131513690948488,28,8,798336000,57,10,43824,12,37,11,46641,12,0.9587440675831094
Beijing_PM2.5,76,32,29,4,20,0.001,80,0.2,5,3,15,0.6,6,7,4,18.998129272460936,28,8,798336000,57,10,43824,12,37,11,46641,12,0.9587440674607012
Beijing_PM2.5,77,32,44,4,20,0.1,40,0.0,20,2,19,0.8,6,7,3,34.690248775482175,28,8,798336000,57,10,43824,12,37,11,46641,12,0.9587440675831094
Beijing_PM2.5,78,43,18,4,50,0.3,80,0.6,10,3,19,0.9,6,7,3,46.465059995651245,28,8,798336000,57,10,43824,12,37,11,46641,12,0.9587440674607012
Beijing_PM2.5,79,40,55,4,100,0.1,100,0.8,50,1,52,0.0,6,7,4,74.70232405662537,28,8,798336000,57,10,43824,12,37,11,46641,12,0.9587440688479943
Beijing_PM2.5,80,40,18,4,50,0.01,40,0.3,150,3,15,0.0,6,7,5,85.95122184753419,28,8,798336000,57,10,43824,12,37,11,46641,12,0.9587440675831094
Beijing_PM2.5,81,43,55,4,50,0.01,80,0.7,150,2,5,0.0,6,7,5,46.799050903320314,28,8,798336000,57,10,43824,12,37,11,46641,12,0.9587440674607012
Beijing_PM2.5,82,40,44,4,100,0.2,80,0.8,20,3,22,0.4,6,7,1,92.7665470123291,28,8,798336000,57,10,43824,12,37,11,46641,12,0.9587440674607012
Beijing_PM2.5,83,59,58,4,50,0.1,10,0.8,15,3,15,0.6,6,7,3,231.48537578582764,28,8,798336000,57,10,43824,12,37,11,46641,12,0.9587440668316589
Beijing_PM2.5,84,28,35,4,100,0.2,40,0.8,200,3,33,0.2,6,7,5,149.97261033058166,28,8,798336000,57,10,43824,12,37,11,46641,12,0.9587440675831094
Beijing_PM2.5,85,40,21,4,50,0.01,100,0.7,50,1,30,0.0,6,7,3,37.704975318908694,28,8,798336000,57,10,43824,12,37,11,46641,12,0.9587440688479943
Beijing_PM2.5,86,17,26,4,100,0.1,100,0.3,1,3,30,0.6,6,7,4,73.89226846694946,28,8,798336000,57,10,43824,12,37,11,46641,12,0.9587440688479943
Beijing_PM2.5,87,32,26,4,50,0.001,60,0.6,100,3,22,0.0,6,7,1,59.64209561347961,28,8,798336000,57,10,43824,12,37,11,46641,12,0.95874406669905
Beijing_PM2.5,88,25,47,4,100,0.3,80,0.8,100,1,52,0.8,6,7,1,76.53306984901428,28,8,798336000,57,10,43824,12,37,11,46641,12,0.9587440674607012
Beijing_PM2.5,89,32,26,4,50,0.001,100,0.2,10,3,19,0.6,6,7,2,34.62059364318848,28,8,798336000,57,10,43824,12,37,11,46641,12,0.9587440688479943
