bike_sharing_day,13,17,35,91,50,0.001,10,0.8,20,1,33,0.8,6,7,2,46.378898000717165,28,8,798336000,92,10,731,15,696,11,4702,12,0.0013679890764721767
bike_sharing_day,16,40,26,91,50,0.01,20,0.3,50,2,52,0.4,6,7,3,31.022785329818724,28,8,798336000,92,10,731,15,696,11,4702,12,0.0013679890764721767
bike_sharing_day,20,32,44,91,100,0.3,60,0.1,150,2,22,0.2,6,7,1,25.98359956741333,28,8,798336000,92,10,731,15,696,11,4702,12,0.0013679891274337402
bike_sharing_day,23,43,26,91,100,0.01,100,0.6,150,2,30,0.2,6,7,2,21.628175926208495,28,8,798336000,92,10,731,15,696,11,4702,12,0.0
bike_sharing_day,24,32,26,91,10,0.1,20,0.4,1,2,19,0.0,6,7,4,17.29264121055603,28,8,798336000,92,10,731,15,696,11,4702,12,0.0013679890764721767
bike_sharing_day,27,28,58,91,50,0.3,40,0.1,15,2,19,0.8,6,7,3,22.813882303237914,28,8,798336000,92,10,731,15,696,11,4702,12,0.0
bike_sharing_day,31,2,26,91,50,0.001,100,0.7,50,2,30,0.6,6,7,4,17.807958984375,28,8,798336000,92,10,731,15,696,11,4702,12,0.0013679890255106132
bike_sharing_day,34,28,37,91,50,0.1,100,0.2,25,3,15,0.0,6,7,3,17.90386791229248,28,8,798336000,92,10,731,15,696,11,4702,12,0.0
bike_sharing_day,36,40,3,91,100,0.2,40,0.9,20,2,15,0.9,6,7,5,32.81738204956055,28,8,798336000,92,10,731,15,696,11,4702,12,0.0027359781427520407
bike_sharing_day,38,40,47,91,100,0.3,20,0.6,25,2,15,0.8,6,7,1,52.870888233184814,28,8,798336000,92,10,731,15,696,11,4702,12,0.0
bike_sharing_day,39,40,26,91,50,0.001,60,0.0,200,3,30,0.0,6,7,2,21.46767873764038,28,8,798336000,92,10,731,15,696,11,4702,12,0.0
bike_sharing_day,41,28,55,91,100,0.01,40,0.0,100,2,33,0.4,6,7,4,33.9916965007782,28,8,798336000,92,10,731,15,696,11,4702,12,0.004103967290570406
bike_sharing_day,42,59,18,91,10,0.1,20,0.9,50,3,19,0.9,6,7,2,19.0836772441864,28,8,798336000,92,10,731,15,696,11,4702,12,0.0
bike_sharing_day,45,59,18,91,50,0.001,60,0.7,10,2,5,0.2,6,7,4,21.4599910736084,28,8,798336000,92,10,731,15,696,11,4702,12,0.0027359782548674804
bike_sharing_day,46,59,55,91,20,0.1,20,0.3,200,1,30,0.6,6,7,5,22.63036012649536,28,8,798336000,92,10,731,15,696,11,4702,12,0.0
bike_sharing_day,48,43,26,91,10,0.1,100,0.8,50,2,33,0.6,6,7,1,16.328151130676268,28,8,798336000,92,10,731,15,696,11,4702,12,0.0027359781070789464
bike_sharing_day,49,28,3,91,50,0.01,10,0.8,25,2,22,0.0,6,7,4,51.48305134773254,28,8,798336000,92,10,731,15,696,11,4702,12,0.0013679890764721767
bike_sharing_day,50,17,37,91,100,0.2,60,0.3,1,2,22,0.8,6,7,1,29.59972505569458,28,8,798336000,92,10,731,15,696,11,4702,12,0.0013679891274337402
bike_sharing_day,51,40,58,91,100,0.3,10,0.9,15,1,15,0.2,6,7,4,87.63818469047547,28,8,798336000,92,10,731,15,696,11,4702,12,0.0
bike_sharing_day,1,17,47,4,100,0.3,20,0.7,50,1,19,0.8,6,7,4,14.882363605499268,28,8,798336000,54,10,731,15,696,11,4702,12,0.002735978173328979
bike_sharing_day,13,40,58,4,100,0.2,10,0.3,30,2,5,0.6,6,7,4,24.62519407272339,28,8,798336000,54,10,731,15,696,11,4702,12,0.002735978173328979
bike_sharing_day,16,43,37,4,100,0.1,100,0.0,30,3,15,0.6,6,7,4,7.296822738647461,28,8,798336000,54,10,731,15,696,11,4702,12,0.0027359781070789464
bike_sharing_day,20,32,55,4,50,0.3,100,0.7,25,2,19,0.6,6,7,1,7.261784219741822,28,8,798336000,54,10,731,15,696,11,4702,12,0.0027359781070789464
bike_sharing_day,23,17,35,4,10,0.2,80,0.8,200,3,22,0.9,6,7,4,5.721113109588623,28,8,798336000,54,10,731,15,696,11,4702,12,0.002735978173328979
bike_sharing_day,24,2,47,4,50,0.2,100,0.5,100,2,33,0.8,6,7,3,6.4772144794464115,28,8,798336000,54,10,731,15,696,11,4702,12,0.0027359781070789464
bike_sharing_day,27,28,14,4,50,0.2,60,0.1,5,2,5,0.4,6,7,4,7.133040142059326,28,8,798336000,54,10,731,15,696,11,4702,12,0.002735978234482855
bike_sharing_day,31,28,47,4,50,0.01,40,0.3,100,1,33,0.2,6,7,2,7.968741512298584,28,8,798336000,54,10,731,15,696,11,4702,12,0.0027359781835212915
bike_sharing_day,34,40,55,4,20,0.001,100,0.2,50,1,22,0.6,6,7,4,6.0039966106414795,28,8,798336000,54,10,731,15,696,11,4702,12,0.0027359781070789464
bike_sharing_day,36,43,21,4,100,0.001,40,0.7,5,2,15,0.6,6,7,5,10.477213430404664,28,8,798336000,54,10,731,15,696,11,4702,12,0.0027359781835212915
bike_sharing_day,38,2,18,4,100,0.2,20,0.0,25,2,5,0.6,6,7,1,15.498290586471558,28,8,798336000,54,10,731,15,696,11,4702,12,0.002735978173328979
bike_sharing_day,39,25,21,4,10,0.01,10,0.6,150,2,22,0.4,6,7,4,7.657514190673828,28,8,798336000,54,10,731,15,696,11,4702,12,0.002735978173328979
bike_sharing_day,41,40,26,4,20,0.3,80,0.8,50,2,33,0.9,6,7,4,6.307538890838623,28,8,798336000,54,10,731,15,696,11,4702,12,0.002735978173328979
bike_sharing_day,42,28,55,4,50,0.2,60,0.6,10,2,30,0.9,6,7,4,7.524826526641846,28,8,798336000,54,10,731,15,696,11,4702,12,0.002735978234482855
bike_sharing_day,45,28,3,4,20,0.2,10,0.4,150,2,19,0.9,6,7,4,9.79170207977295,28,8,798336000,54,10,731,15,696,11,4702,12,0.002735978173328979
bike_sharing_day,46,40,58,4,100,0.01,80,0.1,100,3,15,0.0,6,7,5,8.614632415771485,28,8,798336000,54,10,731,15,696,11,4702,12,0.002735978173328979
bike_sharing_day,48,28,26,4,10,0.2,40,0.2,1,3,15,0.2,6,7,5,6.4610124111175535,28,8,798336000,54,10,731,15,696,11,4702,12,0.0027359781835212915
bike_sharing_day,49,28,55,4,20,0.2,60,0.1,100,2,22,0.6,6,7,4,6.6786352634429935,28,8,798336000,54,10,731,15,696,11,4702,12,0.002735978234482855
bike_sharing_day,50,40,21,4,50,0.2,10,0.1,20,2,30,0.8,6,7,2,16.10004687309265,28,8,798336000,54,10,731,15,696,11,4702,12,0.002735978173328979
bike_sharing_day,51,28,3,4,100,0.1,100,0.2,20,3,5,0.6,6,7,3,8.191183614730836,28,8,798336000,54,10,731,15,696,11,4702,12,0.0027359781070789464
bike_sharing_day,1,2,29,4,20,0.1,20,0.6,200,3,15,0.6,6,7,4,7.808832311630249,32,8,798336000,95,10,731,15,696,11,4702,12,0.002735978173328979
bike_sharing_day,13,25,58,4,10,0.001,80,0.6,15,2,30,0.4,6,7,4,5.945419406890869,32,8,798336000,95,10,731,15,696,11,4702,12,0.002735978173328979
bike_sharing_day,16,2,21,4,50,0.2,40,0.8,200,3,52,0.6,6,7,2,8.359469175338745,32,8,798336000,95,10,731,15,696,11,4702,12,0.0027359781835212915
bike_sharing_day,20,25,35,4,50,0.1,40,0.0,30,2,52,0.4,6,7,1,8.356230974197388,32,8,798336000,95,10,731,15,696,11,4702,12,0.0027359781835212915
bike_sharing_day,23,2,37,4,10,0.001,10,0.2,25,3,5,0.4,6,7,3,7.981727743148804,32,8,798336000,95,10,731,15,696,11,4702,12,0.002735978173328979
bike_sharing_day,24,17,35,4,50,0.001,40,0.5,50,1,52,0.9,6,7,5,8.506341981887818,32,8,798336000,95,10,731,15,696,11,4702,12,0.0027359781835212915
bike_sharing_day,27,59,21,4,50,0.01,80,0.6,5,2,5,0.2,6,7,1,7.294202470779419,32,8,798336000,95,10,731,15,696,11,4702,12,0.002735978173328979
bike_sharing_day,31,40,58,4,20,0.001,100,0.1,20,2,5,0.2,6,7,1,6.3111090660095215,32,8,798336000,95,10,731,15,696,11,4702,12,0.0027359781070789464
bike_sharing_day,34,32,47,4,20,0.3,80,0.9,30,1,22,0.2,6,7,4,6.8465962409973145,32,8,798336000,95,10,731,15,696,11,4702,12,0.002735978173328979
bike_sharing_day,36,43,21,4,50,0.001,100,0.3,20,1,19,0.8,6,7,4,7.228378009796143,32,8,798336000,95,10,731,15,696,11,4702,12,0.0027359781070789464
bike_sharing_day,38,59,18,4,50,0.1,80,0.4,30,1,22,0.8,6,7,5,7.51000189781189,32,8,798336000,95,10,731,15,696,11,4702,12,0.002735978173328979
bike_sharing_day,39,25,18,4,50,0.3,60,0.8,20,3,19,0.0,6,7,2,7.959706878662109,32,8,798336000,95,10,731,15,696,11,4702,12,0.002735978234482855
bike_sharing_day,41,2,58,4,20,0.01,20,0.3,150,1,22,0.9,6,7,5,8.635055017471313,32,8,798336000,95,10,731,15,696,11,4702,12,0.002735978173328979
bike_sharing_day,42,28,21,4,50,0.1,20,0.4,50,1,52,0.0,6,7,4,11.82499394416809,32,8,798336000,95,10,731,15,696,11,4702,12,0.002735978173328979
bike_sharing_day,45,2,14,4,10,0.3,40,0.3,30,2,5,0.0,6,7,1,6.766396760940552,32,8,798336000,95,10,731,15,696,11,4702,12,0.0027359781835212915
bike_sharing_day,46,43,58,4,50,0.2,40,0.5,200,1,5,0.8,6,7,3,9.142469549179078,32,8,798336000,95,10,731,15,696,11,4702,12,0.0027359781835212915
bike_sharing_day,48,2,35,4,100,0.3,40,0.3,30,3,15,0.8,6,7,1,12.252267837524414,32,8,798336000,95,10,731,15,696,11,4702,12,0.0027359781835212915
bike_sharing_day,49,28,14,4,50,0.3,20,0.0,25,2,30,0.6,6,7,4,13.310010719299317,32,8,798336000,95,10,731,15,696,11,4702,12,0.002735978173328979
bike_sharing_day,50,43,29,4,20,0.001,100,0.5,15,2,15,0.4,6,7,3,6.756933975219726,32,8,798336000,95,10,731,15,696,11,4702,12,0.0027359781070789464
bike_sharing_day,51,59,55,4,20,0.1,60,0.2,10,1,52,0.8,6,7,2,8.191098880767822,32,8,798336000,95,10,731,15,696,11,4702,12,0.002735978234482855
