dodgers,13,28,37,4,50,0.01,40,0.3,25,3,30,0.6,6,7,3,169.89068937301636,4,8,798336000,9,10,50400,2,71,11,465,12,0.014603174832605181
dodgers,16,28,58,4,50,0.001,80,0.9,15,1,15,0.8,6,7,2,105.2487633228302,4,8,798336000,9,10,50400,2,71,11,465,12,0.014603174786778196
dodgers,20,59,18,4,50,0.001,40,0.4,20,1,30,0.4,6,7,3,176.84823255538942,4,8,798336000,9,10,50400,2,71,11,465,12,0.014603174832605181
dodgers,23,59,37,4,20,0.001,60,0.0,25,3,33,0.6,6,7,1,44.607607793807986,4,8,798336000,9,10,50400,2,71,11,465,12,0.014603175085392736
dodgers,24,59,21,4,50,0.2,10,0.6,10,2,33,0.4,6,7,5,679.8375408172608,4,8,798336000,9,10,50400,2,71,11,465,12,0.014603174844431499
dodgers,27,43,21,4,10,0.3,40,0.9,50,1,22,0.6,6,7,5,38.70423903465271,4,8,798336000,9,10,50400,2,71,11,465,12,0.014603174832605181
dodgers,31,32,44,4,20,0.001,20,0.0,150,1,52,0.6,6,7,4,132.19855723381042,4,8,798336000,9,10,50400,2,71,11,465,12,0.014603174851822947
dodgers,34,2,37,4,100,0.001,40,0.2,10,2,15,0.9,6,7,4,383.35388298034667,4,8,798336000,9,10,50400,2,71,11,465,12,0.014603174832605181
dodgers,36,28,18,4,10,0.3,100,0.6,20,1,19,0.8,6,7,5,16.931453227996826,4,8,798336000,9,10,50400,2,71,11,465,12,0.014603174546556104
dodgers,38,43,3,4,100,0.001,40,0.9,15,3,5,0.2,6,7,2,374.6447621822357,4,8,798336000,9,10,50400,2,71,11,465,12,0.014603174832605181
dodgers,39,59,14,4,100,0.1,100,0.9,100,1,22,0.4,6,7,5,138.99958338737488,4,8,798336000,9,10,50400,2,71,11,465,12,0.014603174546556104
dodgers,41,32,14,4,20,0.001,10,0.2,10,1,33,0.6,6,7,1,271.58324275016787,4,8,798336000,9,10,50400,2,71,11,465,12,0.014603174844431499
dodgers,42,25,35,4,10,0.2,10,0.5,5,1,33,0.8,6,7,5,139.66082763671875,4,8,798336000,9,10,50400,2,71,11,465,12,0.014603174844431499
dodgers,45,40,26,4,100,0.001,10,0.2,15,2,15,0.9,6,7,2,1374.837960624695,4,8,798336000,9,10,50400,2,71,11,465,12,0.014603174844431499
dodgers,46,25,3,4,50,0.2,40,0.2,30,1,22,0.6,6,7,3,177.66283025741578,4,8,798336000,9,10,50400,2,71,11,465,12,0.014603174832605181
dodgers,48,25,18,4,20,0.2,80,0.7,50,1,5,0.8,6,7,5,39.138098049163816,4,8,798336000,9,10,50400,2,71,11,465,12,0.014603174786778196
dodgers,49,25,21,4,20,0.001,40,0.0,50,3,52,0.9,6,7,4,75.7633451461792,4,8,798336000,9,10,50400,2,71,11,465,12,0.014603174832605181
dodgers,50,59,37,4,10,0.2,60,0.5,15,2,52,0.4,6,7,2,28.188545656204223,4,8,798336000,9,10,50400,2,71,11,465,12,0.014603175085392736
dodgers,51,28,58,4,100,0.01,40,0.5,30,1,52,0.8,6,7,5,369.8990883350372,4,8,798336000,9,10,50400,2,71,11,465,12,0.014603174832605181
dodgers,1,40,44,4,20,0.2,60,0.3,30,2,33,0.0,6,7,3,29.002456998825075,28,8,798336000,57,10,50400,2,71,11,465,12,0.038174603577880634
dodgers,13,25,55,4,20,0.2,100,0.6,5,3,5,0.4,6,7,5,19.178637552261353,28,8,798336000,57,10,50400,2,71,11,465,12,0.022718253756119383
dodgers,16,28,29,4,100,0.01,20,0.1,15,3,19,0.9,6,7,3,381.95022654533386,28,8,798336000,57,10,50400,2,71,11,465,12,0.01448412724726257
dodgers,20,32,14,4,50,0.001,80,0.2,50,3,52,0.4,6,7,3,55.27684059143066,28,8,798336000,57,10,50400,2,71,11,465,12,0.014623016040653936
dodgers,23,2,37,4,20,0.2,60,0.7,100,1,22,0.8,6,7,3,29.16094903945923,28,8,798336000,57,10,50400,2,71,11,465,12,0.019166667187320335
dodgers,24,28,29,4,100,0.3,100,0.1,30,2,52,0.0,6,7,4,91.55895099639892,28,8,798336000,57,10,50400,2,71,11,465,12,0.024047619049688652
dodgers,27,28,55,4,100,0.2,80,0.5,5,3,5,0.8,6,7,5,110.56179003715515,28,8,798336000,57,10,50400,2,71,11,465,12,0.04765873029236756
dodgers,31,59,44,4,20,0.1,20,0.0,150,1,19,0.4,6,7,2,78.40174198150635,28,8,798336000,57,10,50400,2,71,11,465,12,0.028869047735832515
dodgers,34,59,44,4,50,0.001,20,0.2,50,1,15,0.0,6,7,5,193.027250289917,28,8,798336000,57,10,50400,2,71,11,465,12,0.04061507946323781
dodgers,36,40,37,4,100,0.3,10,0.5,20,3,33,0.9,6,7,1,739.4173930644989,28,8,798336000,57,10,50400,2,71,11,465,12,0.014623016117525006
dodgers,38,2,14,4,50,0.1,40,0.5,25,1,15,0.2,6,7,4,101.87317481040955,28,8,798336000,57,10,50400,2,71,11,465,12,0.014583333558033384
dodgers,39,32,14,4,10,0.3,40,0.1,30,1,19,0.4,6,7,5,21.10604510307312,28,8,798336000,57,10,50400,2,71,11,465,12,0.014563492287896456
dodgers,41,28,55,4,50,0.001,40,0.4,1,1,30,0.9,6,7,2,102.16871700286865,28,8,798336000,57,10,50400,2,71,11,465,12,0.01460317482817031
dodgers,42,59,47,4,50,0.001,40,0.1,30,3,33,0.8,6,7,3,101.82827200889588,28,8,798336000,57,10,50400,2,71,11,465,12,0.014583333546207064
dodgers,45,59,21,4,100,0.2,60,0.3,15,1,33,0.2,6,7,3,140.4888951778412,28,8,798336000,57,10,50400,2,71,11,465,12,0.014543651279416822
dodgers,46,32,37,4,50,0.3,20,0.1,10,1,22,0.6,6,7,2,192.2002960205078,28,8,798336000,57,10,50400,2,71,11,465,12,0.011865079553709143
dodgers,48,40,55,4,10,0.3,100,0.1,150,1,15,0.6,6,7,4,9.882555150985718,28,8,798336000,57,10,50400,2,71,11,465,12,0.014642857085351669
dodgers,49,43,29,4,20,0.3,10,0.6,100,1,19,0.2,6,7,5,150.9646601676941,28,8,798336000,57,10,50400,2,71,11,465,12,0.03775793666108733
dodgers,50,28,58,4,20,0.3,80,0.1,30,2,5,0.2,6,7,2,23.047178268432617,28,8,798336000,57,10,50400,2,71,11,465,12,0.03817460342118191
dodgers,51,43,35,4,10,0.1,60,0.2,1,1,19,0.4,6,7,5,15.106372308731078,28,8,798336000,57,10,50400,2,71,11,465,12,0.014781746521059956
dodgers,60,59,35,4,100,0.2,10,0.9,150,1,33,0.0,6,7,3,747.5198427677154,28,8,798336000,57,10,50400,2,71,11,465,12,0.014662698659277152
dodgers,61,2,14,4,10,0.1,100,0.9,5,1,22,0.9,6,7,3,9.818106031417846,28,8,798336000,57,10,50400,2,71,11,465,12,0.015595237997966626
dodgers,62,17,37,4,20,0.01,10,0.3,100,1,33,0.9,6,7,5,149.85612688064575,28,8,798336000,57,10,50400,2,71,11,465,12,0.014742063744259732
dodgers,63,28,37,4,100,0.3,80,0.3,200,3,19,0.2,6,7,4,110.19317545890809,28,8,798336000,57,10,50400,2,71,11,465,12,0.026765873123492514
dodgers,64,40,55,4,100,0.3,10,0.9,5,3,19,0.6,6,7,5,742.8396864891052,28,8,798336000,57,10,50400,2,71,11,465,12,0.01698412713816478
dodgers,65,28,21,4,100,0.1,100,0.3,5,1,5,0.9,6,7,1,92.38341999053955,28,8,798336000,57,10,50400,2,71,11,465,12,0.014543650727275582
dodgers,66,43,37,4,50,0.3,10,0.3,200,1,15,0.8,6,7,4,378.5096586227417,28,8,798336000,57,10,50400,2,71,11,465,12,0.0145833335846426
dodgers,67,25,21,4,10,0.01,20,0.3,30,1,15,0.8,6,7,4,39.25652723312378,28,8,798336000,57,10,50400,2,71,11,465,12,0.014484127225088222
dodgers,68,25,47,4,100,0.3,80,0.9,1,1,33,0.4,6,7,4,110.16028718948364,28,8,798336000,57,10,50400,2,71,11,465,12,0.014603174794169645
dodgers,69,28,44,4,20,0.2,10,0.9,25,2,19,0.4,6,7,2,152.2132469177246,28,8,798336000,57,10,50400,2,71,11,465,12,0.014523809774231816
dodgers,70,40,55,4,50,0.01,80,0.7,30,1,30,0.0,6,7,1,54.89970736503601,28,8,798336000,57,10,50400,2,71,11,465,12,0.014603174786778196
dodgers,71,2,58,4,20,0.2,40,0.5,10,1,5,0.6,6,7,4,41.53181214332581,28,8,798336000,57,10,50400,2,71,11,465,12,0.019345238237153915
dodgers,72,43,47,4,50,0.01,100,0.7,5,2,52,0.4,6,7,5,45.21485638618469,28,8,798336000,57,10,50400,2,71,11,465,12,0.0172420633875484
dodgers,73,32,47,4,10,0.2,100,0.6,200,3,19,0.2,6,7,5,10.120863437652588,28,8,798336000,57,10,50400,2,71,11,465,12,0.014583333266071148
dodgers,74,59,29,4,20,0.001,20,0.5,10,1,5,0.8,6,7,2,77.79840083122254,28,8,798336000,57,10,50400,2,71,11,465,12,0.014543651039933875
dodgers,75,43,47,4,20,0.01,10,0.9,50,1,15,0.9,6,7,3,150.6550730228424,28,8,798336000,57,10,50400,2,71,11,465,12,0.011845238286528795
dodgers,76,43,35,4,10,0.2,60,0.2,5,2,30,0.6,6,7,3,15.164818525314331,28,8,798336000,57,10,50400,2,71,11,465,12,0.01456349254807546
dodgers,77,32,3,4,20,0.01,80,0.0,100,3,19,0.0,6,7,1,23.161231756210327,28,8,798336000,57,10,50400,2,71,11,465,12,0.014583333524032717
dodgers,78,2,44,4,50,0.001,100,0.8,15,3,33,0.9,6,7,4,46.38941788673401,28,8,798336000,57,10,50400,2,71,11,465,12,0.014563492007760538
dodgers,79,2,37,4,100,0.3,20,0.4,50,3,33,0.4,6,7,1,355.6773481845856,28,8,798336000,57,10,50400,2,71,11,465,12,0.014880952623391909
dodgers,80,59,47,4,10,0.01,10,0.2,1,2,19,0.6,6,7,4,76.1817934513092,28,8,798336000,57,10,50400,2,71,11,465,12,0.01503968279483536
dodgers,81,28,18,4,10,0.001,10,0.8,15,3,15,0.8,6,7,4,76.57588286399842,28,8,798336000,57,10,50400,2,71,11,465,12,0.01198412718487874
dodgers,82,32,14,4,10,0.1,80,0.1,20,1,5,0.0,6,7,1,12.451925802230836,28,8,798336000,57,10,50400,2,71,11,465,12,0.014603174786778196
dodgers,83,17,44,4,20,0.001,40,0.1,15,3,19,0.0,6,7,2,41.87277269363403,28,8,798336000,57,10,50400,2,71,11,465,12,0.014623016102742107
dodgers,84,59,55,4,20,0.001,80,0.3,30,3,19,0.9,6,7,3,22.390513849258422,28,8,798336000,57,10,50400,2,71,11,465,12,0.014583333524032717
dodgers,85,32,35,4,100,0.1,100,0.2,20,1,33,0.6,6,7,5,93.33913974761963,28,8,798336000,57,10,50400,2,71,11,465,12,0.014583333266071148
dodgers,86,28,14,4,100,0.1,20,0.7,100,3,19,0.6,6,7,4,302.45470428466797,28,8,798336000,57,10,50400,2,71,11,465,12,0.01468253993384895
dodgers,87,17,21,4,100,0.3,20,0.0,100,3,5,0.0,6,7,3,283.5896282672882,28,8,798336000,57,10,50400,2,71,11,465,12,0.014563492310070801
dodgers,88,43,44,4,100,0.2,10,0.9,30,3,22,0.9,6,7,3,446.5278679847717,28,8,798336000,57,10,50400,2,71,11,465,12,0.014623016116046716
dodgers,89,28,29,4,10,0.3,80,0.8,30,2,33,0.0,6,7,1,11.864445543289184,28,8,798336000,57,10,50400,2,71,11,465,12,0.014563492237634602
