image_segmentation,13,28,29,4,100,0.2,40,0.0,15,3,19,0.9,6,7,1,3.269098424911499,4,8,798336000,9,10,210,19,202,11,1851,12,0.3380952427784602
image_segmentation,16,32,35,4,10,0.3,10,0.6,200,2,52,0.2,6,7,1,2.564107799530029,4,8,798336000,9,10,210,19,202,11,1851,12,0.5285714277908915
image_segmentation,20,43,26,4,50,0.3,80,0.3,200,2,30,0.4,6,7,2,2.7570050716400147,4,8,798336000,9,10,210,19,202,11,1851,12,0.3857142928987741
image_segmentation,23,17,37,4,10,0.01,100,0.9,50,1,5,0.2,6,7,2,2.3288690090179442,4,8,798336000,9,10,210,19,202,11,1851,12,0.3857142928987741
image_segmentation,24,2,29,4,10,0.01,20,0.1,50,3,33,0.6,6,7,5,2.539055109024048,4,8,798336000,9,10,210,19,202,11,1851,12,0.32857142580407006
image_segmentation,27,40,37,4,20,0.3,100,0.0,20,2,30,0.9,6,7,4,2.5028889656066893,4,8,798336000,9,10,210,19,202,11,1851,12,0.5761904776096344
image_segmentation,31,2,37,4,50,0.01,60,0.4,5,3,30,0.8,6,7,1,2.8082560539245605,4,8,798336000,9,10,210,19,202,11,1851,12,0.4095238119363785
image_segmentation,34,40,18,4,10,0.2,10,0.2,50,3,15,0.9,6,7,5,2.8751233577728272,4,8,798336000,9,10,210,19,202,11,1851,12,0.3285714293519656
image_segmentation,36,25,14,4,100,0.001,60,0.3,30,2,30,0.2,6,7,5,3.2291414737701416,4,8,798336000,9,10,210,19,202,11,1851,12,0.3238095287233591
image_segmentation,38,17,37,4,100,0.01,80,0.2,30,1,15,0.0,6,7,4,3.297420597076416,4,8,798336000,9,10,210,19,202,11,1851,12,0.4714285761117935
image_segmentation,39,32,58,4,100,0.1,100,0.4,50,3,33,0.6,6,7,2,3.13218674659729,4,8,798336000,9,10,210,19,202,11,1851,12,0.5761904776096344
image_segmentation,41,2,14,4,100,0.1,80,0.2,50,2,52,0.6,6,7,5,3.596024751663208,4,8,798336000,9,10,210,19,202,11,1851,12,0.3857142928987741
image_segmentation,42,43,55,4,10,0.01,20,0.0,50,3,5,0.2,6,7,4,2.906204605102539,4,8,798336000,9,10,210,19,202,11,1851,12,0.38571428578524364
image_segmentation,45,2,35,4,20,0.3,20,0.7,25,3,15,0.6,6,7,3,3.1952563762664794,4,8,798336000,9,10,210,19,202,11,1851,12,0.5142857148533776
image_segmentation,46,2,47,4,100,0.3,40,0.4,20,1,19,0.9,6,7,2,4.0241233825683596,4,8,798336000,9,10,210,19,202,11,1851,12,0.514285717691694
image_segmentation,48,43,14,4,50,0.01,20,0.4,1,3,33,0.6,6,7,2,3.9879674434661867,4,8,798336000,9,10,210,19,202,11,1851,12,0.38571428578524364
image_segmentation,49,40,47,4,50,0.01,100,0.7,1,3,5,0.0,6,7,2,3.1340237617492677,4,8,798336000,9,10,210,19,202,11,1851,12,0.21904762722551824
image_segmentation,50,43,58,4,10,0.01,60,0.3,10,3,5,0.0,6,7,4,3.05337815284729,4,8,798336000,9,10,210,19,202,11,1851,12,0.3857142928987741
image_segmentation,51,40,55,4,50,0.1,100,0.1,25,1,52,0.2,6,7,4,3.220926856994629,4,8,798336000,9,10,210,19,202,11,1851,12,0.5142857134342194
image_segmentation,1,28,58,4,10,0.1,100,0.0,200,2,52,0.6,6,7,4,1.2301430225372314,28,8,798336000,57,10,210,19,202,11,1851,12,0.00476190485060215
image_segmentation,13,40,37,4,10,0.1,40,0.7,1,2,33,0.2,6,7,2,1.0416226387023926,28,8,798336000,57,10,210,19,202,11,1851,12,0.004761904832862672
image_segmentation,16,40,26,4,20,0.001,60,0.3,150,1,15,0.6,6,7,4,1.7962533473968505,28,8,798336000,57,10,210,19,202,11,1851,12,0.00476190485060215
image_segmentation,20,17,14,4,20,0.001,10,0.3,15,1,22,0.4,6,7,4,2.10864052772522,28,8,798336000,57,10,210,19,202,11,1851,12,0.004761904832862672
image_segmentation,23,17,21,4,10,0.01,100,0.9,150,2,19,0.0,6,7,3,1.5581176280975342,28,8,798336000,57,10,210,19,202,11,1851,12,0.00476190485060215
image_segmentation,24,2,58,4,10,0.001,60,0.6,30,1,19,0.4,6,7,3,1.6759647846221923,28,8,798336000,57,10,210,19,202,11,1851,12,0.00476190485060215
image_segmentation,27,40,35,4,100,0.001,10,0.7,15,2,15,0.2,6,7,5,4.79775218963623,28,8,798336000,57,10,210,19,202,11,1851,12,0.004761904832862672
image_segmentation,31,43,37,4,10,0.1,40,0.2,20,2,5,0.0,6,7,4,1.857243251800537,28,8,798336000,57,10,210,19,202,11,1851,12,0.004761904832862672
image_segmentation,34,59,37,4,50,0.001,20,0.7,20,1,19,0.0,6,7,2,2.83276047706604,28,8,798336000,57,10,210,19,202,11,1851,12,0.004761904832862672
image_segmentation,36,59,35,4,20,0.1,100,0.9,150,1,5,0.8,6,7,1,2.2573883056640627,28,8,798336000,57,10,210,19,202,11,1851,12,0.00476190485060215
image_segmentation,38,17,14,4,10,0.2,80,0.7,50,3,33,0.9,6,7,5,2.2243454456329346,28,8,798336000,57,10,210,19,202,11,1851,12,0.00476190485060215
image_segmentation,39,28,37,4,20,0.001,10,0.8,10,2,19,0.0,6,7,2,2.1686371326446534,28,8,798336000,57,10,210,19,202,11,1851,12,0.004761904832862672
image_segmentation,41,17,58,4,10,0.2,10,0.4,20,2,19,0.8,6,7,4,1.833775806427002,28,8,798336000,57,10,210,19,202,11,1851,12,0.004761904832862672
image_segmentation,42,2,3,4,100,0.1,60,0.4,50,2,33,0.6,6,7,1,2.037609672546387,28,8,798336000,57,10,210,19,202,11,1851,12,0.00476190485060215
image_segmentation,45,25,37,4,100,0.001,80,0.9,50,2,52,0.9,6,7,2,2.3304354667663576,28,8,798336000,57,10,210,19,202,11,1851,12,0.00476190485060215
image_segmentation,46,25,55,4,100,0.3,80,0.0,50,2,15,0.9,6,7,1,2.178489351272583,28,8,798336000,57,10,210,19,202,11,1851,12,0.00476190485060215
image_segmentation,48,32,26,4,50,0.001,40,0.5,30,2,33,0.9,6,7,1,2.05725417137146,28,8,798336000,57,10,210,19,202,11,1851,12,0.004761904832862672
image_segmentation,49,43,18,4,100,0.01,20,0.8,10,2,22,0.4,6,7,4,3.6040124893188477,28,8,798336000,57,10,210,19,202,11,1851,12,0.004761904832862672
image_segmentation,50,2,14,4,20,0.1,10,0.3,50,3,33,0.4,6,7,3,2.3015483379364015,28,8,798336000,57,10,210,19,202,11,1851,12,0.004761904832862672
image_segmentation,51,32,18,4,100,0.01,40,0.4,100,3,19,0.8,6,7,5,2.839183282852173,28,8,798336000,57,10,210,19,202,11,1851,12,0.004761904832862672
image_segmentation,60,43,35,4,100,0.001,20,0.6,25,2,19,0.4,6,7,2,3.6442480087280273,28,8,798336000,57,10,210,19,202,11,1851,12,0.009523809665725344
image_segmentation,61,2,47,4,50,0.3,40,0.1,150,2,15,0.4,6,7,2,2.005377721786499,28,8,798336000,57,10,210,19,202,11,1851,12,0.014285714853377568
image_segmentation,62,43,35,4,10,0.001,80,0.6,200,2,22,0.9,6,7,2,1.7357621669769288,28,8,798336000,57,10,210,19,202,11,1851,12,0.00476190485060215
image_segmentation,63,59,44,4,50,0.001,20,0.5,30,1,30,0.8,6,7,4,2.665761375427246,28,8,798336000,57,10,210,19,202,11,1851,12,0.004761904832862672
image_segmentation,64,2,35,4,10,0.001,20,0.7,50,2,33,0.8,6,7,4,1.7156850337982177,28,8,798336000,57,10,210,19,202,11,1851,12,0.004761904832862672
image_segmentation,65,32,44,4,50,0.01,40,0.2,150,3,52,0.2,6,7,5,2.2539658546447754,28,8,798336000,57,10,210,19,202,11,1851,12,0.004761904832862672
image_segmentation,66,28,14,4,50,0.01,10,0.5,30,2,30,0.4,6,7,5,3.2946662425994875,28,8,798336000,57,10,210,19,202,11,1851,12,0.004761904832862672
image_segmentation,67,40,35,4,100,0.3,20,0.1,100,2,15,0.2,6,7,2,3.446701431274414,28,8,798336000,57,10,210,19,202,11,1851,12,0.004761904832862672
image_segmentation,68,59,37,4,10,0.001,80,0.8,20,1,15,0.2,6,7,1,2.0924232006073,28,8,798336000,57,10,210,19,202,11,1851,12,0.00476190485060215
image_segmentation,69,40,3,4,50,0.001,40,0.0,15,3,30,0.2,6,7,4,2.413603591918945,28,8,798336000,57,10,210,19,202,11,1851,12,0.004761904832862672
image_segmentation,70,43,29,4,10,0.2,80,0.3,100,3,15,0.8,6,7,3,2.2228928565979005,28,8,798336000,57,10,210,19,202,11,1851,12,0.00476190485060215
image_segmentation,71,40,47,4,100,0.1,60,0.0,50,2,19,0.8,6,7,2,2.364561080932617,28,8,798336000,57,10,210,19,202,11,1851,12,0.00476190485060215
image_segmentation,72,40,44,4,10,0.01,20,0.3,25,2,5,0.6,6,7,5,2.0679412841796876,28,8,798336000,57,10,210,19,202,11,1851,12,0.004761904832862672
image_segmentation,73,17,37,4,100,0.2,80,0.3,10,2,33,0.6,6,7,3,2.4858031272888184,28,8,798336000,57,10,210,19,202,11,1851,12,0.0
image_segmentation,74,43,47,4,20,0.001,100,0.3,5,1,5,0.6,6,7,3,1.7114692687988282,28,8,798336000,57,10,210,19,202,11,1851,12,0.0
image_segmentation,75,59,55,4,100,0.3,10,0.5,5,2,52,0.4,6,7,4,4.805287456512451,28,8,798336000,57,10,210,19,202,11,1851,12,0.004761904832862672
image_segmentation,76,25,14,4,20,0.01,40,0.1,100,1,5,0.4,6,7,3,1.7777912139892578,28,8,798336000,57,10,210,19,202,11,1851,12,0.0
image_segmentation,77,40,35,4,50,0.2,80,0.9,1,3,5,0.4,6,7,3,2.1647567749023438,28,8,798336000,57,10,210,19,202,11,1851,12,0.00476190485060215
image_segmentation,78,32,18,4,50,0.1,60,0.8,200,1,33,0.9,6,7,4,2.0741991996765137,28,8,798336000,57,10,210,19,202,11,1851,12,0.00476190485060215
image_segmentation,79,43,14,4,50,0.001,100,0.6,25,3,19,0.9,6,7,2,2.119538450241089,28,8,798336000,57,10,210,19,202,11,1851,12,0.00476190485060215
image_segmentation,80,32,26,4,100,0.2,20,0.9,10,1,19,0.8,6,7,2,3.770098114013672,28,8,798336000,57,10,210,19,202,11,1851,12,0.004761904832862672
image_segmentation,81,59,29,4,10,0.001,10,0.5,150,3,15,0.4,6,7,2,2.496860933303833,28,8,798336000,57,10,210,19,202,11,1851,12,0.004761904832862672
image_segmentation,82,43,37,4,100,0.1,40,0.1,10,1,19,0.2,6,7,3,3.057955026626587,28,8,798336000,57,10,210,19,202,11,1851,12,0.004761904832862672
image_segmentation,83,25,21,4,20,0.2,20,0.4,20,3,30,0.8,6,7,2,2.5580989360809325,28,8,798336000,57,10,210,19,202,11,1851,12,0.0
image_segmentation,84,32,55,4,100,0.001,40,0.4,100,2,22,0.4,6,7,1,2.845319223403931,28,8,798336000,57,10,210,19,202,11,1851,12,0.004761904832862672
image_segmentation,85,59,26,4,100,0.001,60,0.8,100,2,15,0.9,6,7,5,2.2698895931243896,28,8,798336000,57,10,210,19,202,11,1851,12,0.00476190485060215
image_segmentation,86,59,14,4,100,0.001,40,0.7,1,1,33,0.9,6,7,4,2.8629894256591797,28,8,798336000,57,10,210,19,202,11,1851,12,0.004761904832862672
image_segmentation,87,2,58,4,10,0.3,80,0.4,25,2,15,0.6,6,7,3,1.5703929901123046,28,8,798336000,57,10,210,19,202,11,1851,12,0.00476190485060215
image_segmentation,88,59,47,4,50,0.01,20,0.8,25,3,5,0.4,6,7,1,2.4184975624084473,28,8,798336000,57,10,210,19,202,11,1851,12,0.004761904832862672
image_segmentation,89,43,55,4,50,0.001,20,0.3,100,1,33,0.4,6,7,4,2.0939469814300535,28,8,798336000,57,10,210,19,202,11,1851,12,0.004761904832862672
